2000
1182
1560
2801
0616
0259
1363
2318
0305
1476
1204
2940
2545
2810
0782
0703
1436
0760
1213
1202
1082
2143
2292
0091
2880
1226
2325
0492
2848
0594
0008
2078
0124
2239
2805
2309
0460
1248
0701
0838
0836
0244
2601
1228
1970
0754
0509
1837
2113
0036
2432
1180
0975
1717
2709
2957
1108
1280
1533
2561
0257
2696
1828
0094
1348
0654
0138
1699
2803
0686
2769
2555
1380
1716
2426
1729
1833
2206
1987
1739
0558
1726
2707
0212
1310
2219
0765
2213
0815
1352
0554
1351
0759
1511
0341
2051
2082
1665
2122
2941
2968
1807
0591
0258
0835
2681
0902
2531
1977
0855
0334
0749
0309
0143
1941
1635
0234
0587
1734
0166
1340
0420
1541
0463
0700
2727
2285
2522
2691
2743
2442
1708
2835
0788
2684
2120
0719
1453
2392
2245
2725
1011
0117
0828
0075
2116
0402
0369
1377
0098
0979
0872
2251
0757
1676
0426
2869
2194
0767
1668
0157
0475
2201
0340
2079
0964
1194
1119
2456
0218
0147
1691
1790
2718
1622
2995
1713
2894
0432
1658
0664
0942
2473
0430
1762
0834
1574
1573
1289
2499
2688
0382
0670
1184
1742
0357
1565
1696
2085
1162
2347
1629
1211
2637
0018
1421
0330
1052
2731
2883
2470
2107
0239
2461
1773
1277
2543
0685
2547
1329
0875
0119
0047
0386
1244
0668
2036
2778
0139
2189
2123
2375
1684
2615
1102
2916
1750
1826
1810
1422
2913
1569
1502
2382
2115
0371
2912
2974
0355
2505
2961
2602
2413
2606
2720
0777
2130
0198
1743
2187
2283
1000
0911
2953
2003
0577
0496
0948
1758
2011
2520
0342
2232
2625
0945
0224
2104
2631
1257
2059
0411
2654
0959
2449
0926
1834
1820
2607
1432
0810
1206
0576
1998
0011
0730
1847
1937
0479
1595
0412
0905
2212
0417
0605
0936
0040
2564
1461
0682
2465
0645
2246
0973
2597
1683
2741
0368
2165
2754
0894
0449
0728
0403
0518
1592
2451
1687
2920
0893
0562
0951
2231
1081
0316
0303
2242
1157
1223
1441
0603
1969
2794
2533
0643
0116
0823
2639
1723
1161
0531
1415
2387
0879
0237
0286
1098
1561
1733
1283
2282
0376
0864
1224
0781
1234
0967
1690
0277
1800
2164
2334
2732
1443
1855
1966
2448
0289
2567
2140
2981
1043
1788
1618
1032
1271
1531
0519
2792
2775
0542
0780
2734
0630
1932
2616
2061
0966
0862
1187
0684
2496
2424
0916
1617
2863
1124
1240
0582
2649
1398
0731
1049
2453
0074
0539
1069
0635
2004
2200
1355
2874
0155
0514
2072
0972
0917
1195
0271
1324
0195
2694
1662
1287
1931
2056
1017
1712
2032
2312
0148
1673
0043
1250
2542
0934
1893
1425
0360
2582
0667
2306
0843
2984
2106
0078
2331
2999
2624
2822
0179
1593
0929
2829
1426
0530
0629
0873
1138
0273
1960
0711
0108
1856
1218
2756
0399
1407
2175
0918
1295
2721
1033
1386
0789
1682
0019
1349
0121
1464
2980
1770
0891
0310
2800
2475
1278
0704
2336
1307
0144
2795
0061
1992
1088
1945
0158
1513
2266
1909
1997
2859
0154
2599
1655
1744
1608
2462
2151
2128
0013
0611
0281
2881
1737
2438
1835
1563
1510
0228
0003
0930
2661
2484
2796
0957
2663
1719
0125
0522
2587
2224
2965
1031
2733
1147
0768
2982
0785
2538
2288
0205
0606
2092
1527
0246
2511
0443
1092
0419
1447
1166
0770
1924
0456
0476
0480
0137
0892
2099
0262
0233
1805
0439
2199
1857
1901
1821
0445
2846
0351
0637
1341
1581
1027
2877
0809
2608
1555
1646
0171
1417
1641
0473
2379
0090
1585
2367
0167
1072
2985
1986
2324
1771
2779
1212
2039
0450
0598
2361
0906
1915
0079
2899
2517
1949
0506
1137
0104
2193
2091
1964
1962
0501
0226
1872
1433
1203
2823
0132
1692
1804
0734
2646
1902
2764
2671
0847
2166
0165
2019
2394
2617
0459
0169
0248
2998
1728
0673
2012
0960
0470
2035
2729
2436
2636
2950
0414
0874
0744
0639
2452
0763
2183
2404
1100
0375
1034
0425
0751
0292
2975
2529
1427
0413
0428
2558
1408
1929
0772
0764
1818
2614
2447
2590
1605
2815
2497
1200
0745
0100
1789
1967
0359
0827
1711
1389
1266
0363
2930
2087
1483
1021
1500
0353
0129
1785
2554
2013
1572
1870
0607
1540
1638
0405
2935
2739
2642
0373
0482
2027
2890
0937
2945
0457
1397
2897
0529
1288
2927
0266
1577
2845
2900
0844
2799
2222
1916
2134
1331
2752
1406
2830
0604
1016
1714
2249
1679
2445
0546
2374
1249
1381
1660
2826
2939
0968
2509
2162
1014
1255
1395
0156
1347
2492
0666
0391
1836
0477
1391
2230
2774
1040
2481
1640
2759
1268
1664
1402
1542
2820
0817
2328
2668
2421
1368
1666
0235
0900
0358
1086
1911
0274
1438
1874
0644
1982
0021
2084
1918
1101
1384
2714
1385
2508
0442
2025
0103
2736
0986
2067
2862
1382
1568
1751
1131
1674
0563
2495
1602
0925
2580
1272
0565
2353
0014
2667
0931
1388
0608
0532
2023
1626
0497
2146
0242
2568
0134
1177
0927
1023
1054
0811
1383
1364
0544
0504
0750
0126
1450
0971
2077
0269
2271
0812
2412
0787
1630
2014
0804
2040
1680
0451
1456
1229
2947
1863
1968
1485
0247
2925
2181
1121
1170
0535
0515
0297
1988
1387
0570
2664
2124
0467
0265
2641
2929
2784
1169
0773
1653
2695
1132
1181
0331
2738
2938
1727
2788
2370
0692
2477
1880
0069
1942
0718
0756
2807
0502
2210
1809
2407
1935
2589
1873
1802
1619
1256
0795
0985
0041
0423
0431
2566
2747
2018
2910
2577
2831
1366
0516
0897
1647
2629
2551
0338
2552
2173
1774
1831
2960
1412
1523
1083
2679
0145
0573
1076
2987
1584
1359
0657
1293
2911
0065
2070
0328
0653
0219
2326
1434
1624
1003
2932
1671
1698
0877
0029
2437
1685
1843
0435
0914
1006
0438
0895
2316
1808
0841
0337
2108
0526
1913
0254
0346
0326
1192
2111
1501
1399
0679
0455
2259
0555
2384
1337
2287
1944
0275
1125
1346
0063
0127
2650
0024
1700
1358
1731
1185
1362
1693
2773
0909
0845
0922
2964
1633
0073
1103
1466
2907
1518
2062
0086
0850
1611
0474
2818
2033
1936
0693
0429
0978
0965
1545
0280
0324
0806
1491
0288
2378
0826
2459
0241
0513
1282
1009
0801
0285
1506
1104
0586
0493
1830
1321
1741
2291
2278
0746
2109
0820
0093
2178
2429
1604
0671
1853
2828
2827
1930
2856
0681
1145
1080
2682
1748
1801
2891
1845
0528
1055
0027
1983
2866
1952
0540
2917
1105
1269
1609
1724
1063
1877
0869
2753
1532
2110
2898
2742
2674
2989
2798
2234
2726
2265
0903
0308
1669
0860
0503
2556
2689
0615
1749
0095
1697
1667
0912
0407
2360
2490
0045
0982
0361
2410
0059
1367
1470
1158
2581
2853
1755
1600
1048
1530
1503
2875
1298
2988
0742
0298
1059
1146
2177
2340
0762
0566
2979
0434
1903
2527
2572
1883
1207
1615
0377
0471
0915
2922
1707
2160
0236
2280
0824
0151
0387
0689
1424
2825
2596
2037
0200
2745
2578
2882
2349
2202
0920
2770
0578
2207
2611
0910
0335
0572
2515
0393
1335
2332
1279
0276
1110
0659
2809
2286
2131
0636
2398
2610
0958
1005
1934
0408
0362
2665
0087
2638
1396
2675
2351
2093
0202
0462
2247
0541
2693
2887
2364
2168
0687
2926
2422
2418
1303
1260
1338
0230
0183
1524
0300
1118
2237
1306
1394
2299
2623
2789
2001
1320
0949
0083
0776
2918
1439
2090
2535
2914
0848
1504
0304
1167
0816
2710
1414
1597
1259
1632
0709
1613
1940
0050
2342
2761
2861
1794
0753
0779
0049
1085
2498
0652
2948
1262
2744
1144
0238
1376
1899
1824
1225
0819
0726
1610
2302
1746
1198
1990
0452
1459
1898
2431
1859
0204
1721
2749
0755
1430
2782
1241
0349
2386
0066
2841
0397
0675
1165
2563
1704
2195
0904
0185
0537
0846
2635
1222
1473
0404
2010
2933
0329
0691
1703
2569
2954
2819
0997
2802
0392
1440
2958
1236
1957
2135
2860
0799
1842
2923
0203
2377
0669
0005
0472
0110
2786
1628
1869
0821
0707
0229
1589
0107
1114
1908
2844
1159
2640
2045
1339
1219
0735
2970
2125
0650
0001
2723
2184
1688
0489
2420
2966
0784
0279
1326
0725
0633
0133
2118
1643
0187
2170
2806
0683
0876
0890
0952
0660
1689
0296
1793
2315
1313
1620
1823
2595
2350
2430
2132
1075
1423
2500
2261
0500
2559
0067
1882
0436
2541
1073
2048
0072
2397
0988
2236
2366
1035
0642
2574
2269
2383
0688
1205
0372
0651
0716
0898
2618
2117
1796
0485
1317
1480
1505
0378
2557
2369
1550
1237
0026
1496
2549
2086
1133
0211
0006
0217
0568
1242
1375
0437
2697
2785
0210
1822
2502
2163
0601
1196
2994
2289
0743
1978
0194
0822
1888
2089
2513
2263
0484
2055
0525
0798
2152
2748
2440
2648
2176
2573
1860
0088
1543
0940
2381
0383
2139
2712
0655
2585
2064
1469
0487
2780
1019
0084
1865
2433
1906
0524
1057
2983
0164
0588
1122
1583
1171
1247
1442
1231
1705
2057
2198
0312
2486
1130
1041
1948
0427
2372
2390
2593
2685
0899
0416
1745
2963
2400
1694
0159
1765
0837
2083
1164
2356
1143
1538
1972
0186
0017
1217
2240
0783
2651
2716
1150
1428
2335
0064
1084
0597
0696
0444
2129
0302
2536
1071
1037
2403
1515
2425
1444
0990
2026
2583
0584
2528
0954
2293
2049
1642
1910
2270
0441
2612
1139
2417
0722
2728
1153
0881
2657
0977
0189
1216
2521
0880
1848
1068
0991
1455
0060
2839
0221
0406
1451
0538
2812
2921
0077
1372
0152
0440
2241
2740
1452
1864
1607
0775
0534
2871
0778
0871
0380
1529
0619
2488
2434
1178
2626
0523
2476
0559
2463
2341
2216
2254
1345
2363
2097
2081
0130
0507
1777
0105
1028
0023
0924
0232
1677
2584
1487
1571
0884
1186
2633
1149
0583
1933
2760
2516
0317
0089
1955
2464
1900
1024
2388
1199
0333
2483
2141
1175
1163
0919
1087
0352
0039
2896
2180
2833
1813
1327
2399
2687
2156
2101
1787
0122
2956
1654
1371
2680
2793
0609
0632
1342
1652
0030
2634
1614
2256
0188
0264
0851
1547
0551
1784
1881
2532
1816
1294
2314
0448
2627
2345
1029
0282
1905
1478
1215
1336
0081
1488
0085
0907
2767
0141
2009
1996
2857
1675
1095
1783
1621
0193
0938
1879
2096
0737
0422
2763
2976
0447
1878
2901
0792
1302
1868
0220
2047
2209
0721
0511
2895
1958
0550
2737
0941
2928
1332
2317
0196
0136
1861
0468
1369
2305
0715
0490
0694
1517
1007
0056
1330
0325
2735
0870
0208
2020
1551
1965
2063
2391
2576
0033
1891
0808
2148
0706
1649
1285
1239
2243
1720
0031
0646
2514
0961
2073
2327
2260
2138
2188
2304
1928
2052
0736
1160
2510
2290
0092
2771
1141
2570
2373
0697
1994
1111
0710
1107
1405
1938
1974
2053
1232
0829
1448
1254
1230
0348
1832
0984
2686
0313
2005
2867
0933
0293
0939
0885
0621
2924
1895
0857
2630
1482
0004
0618
2873
1091
0409
0190
2474
0852
0953
2008
0401
2656
2221
0199
0935
2272
1556
1233
1514
0400
0178
2855
1467
2534
0662
1058
0020
2750
0830
1004
2972
0720
2700
2755
2416
2504
1454
2276
0832
2074
1536
0634
1634
0614
2787
1129
1462
2797
1876
2393
0322
0170
1484
2467
0082
2683
0343
0593
1768
1044
0520
2996
1243
2352
0676
2121
1156
1056
1001
2850
0153
1548
2281
2277
0723
0168
2455
0307
2446
0287
2179
2435
2632
1991
0366
0398
2414
1769
1657
2821
2322
0713
2643
1356
0389
2244
0944
2406
0323
0128
1070
0112
1535
1661
1912
2943
2480
2044
0161
2539
0272
0702
1919
1319
1135
0517
2296
1760
2699
0374
2214
2946
1776
1210
0465
0865
2204
0981
1128
2813
1780
1627
2518
1494
2007
2790
2550
1567
1117
0037
0624
1706
0131
2468
0969
1090
2919
2203
1274
0207
1722
1013
0858
0055
2537
1639
0741
0150
1245
2507
0080
0533
0109
2443
1099
0146
1757
2524
0491
2368
2415
0729
2428
2258
1519
1061
0270
1311
0574
2588
0385
1659
2847
0901
2257
2838
0306
1227
1429
2080
0488
0499
0410
0752
2986
1109
1625
2441
0048
1752
2525
1316
1623
2934
1509
0174
1471
1458
2836
1926
2746
1183
1636
2006
2419
2017
1979
1361
2050
0052
0505
1764
1354
0318
0786
2071
0250
0469
2068
2598
2762
0962
1220
2301
0101
2339
0347
0656
0184
0800
2482
0102
0172
1116
1797
0791
1479
0339
2275
1134
1616
2147
2024
2724
2279
0191
2471
1552
2678
2904
0106
1350
1792
2909
1999
0231
2571
1825
2348
1062
2837
2405
0677
0498
2310
1829
1460
1603
2703
2042
0769
0980
2171
0384
1846
2248
0201
1296
2105
2197
0861
2854
2191
0160
2127
2354
2454
1477
2876
0947
0995
2172
2865
0831
1468
2385
2376
2031
1959
1315
2313
0571
2046
2594
0035
2519
2457
1779
0512
0805
2494
0354
1413
2670
1925
2262
0992
0567
2066
1896
0976
0314
1890
0602
1507
1123
0590
0661
1474
1766
1493
2937
1943
1126
0032
0575
1756
0553
0214
2371
1392
2621
1045
2717
1113
1089
0797
2506
1465
2655
1544
0388
1557
2323
2016
0197
1884
2268
2692
2713
0552
2722
1980
2167
1815
0320
1566
1812
0998
2592
2548
0796
0640
2603
0698
1759
1778
1275
1472
2303
2586
2119
1152
2228
0370
1907
1840
1854
0585
1301
1251
2153
2344
2161
1897
0600
0548
2653
1871
2038
0508
0227
0854
1020
2817
1995
0042
0883
1947
0009
1753
0599
1594
2491
2978
2220
2849
2512
2858
2114
2338
0046
1850
2905
1435
2553
0913
2450
1127
2804
1747
0564
0950
0714
2380
1508
0866
1174
0622
1060
1981
2879
2677
1914
0717
0291
1894
2955
1297
2903
0853
1066
0446
1648
2030
0421
1521
0311
0071
0545
0290
1208
1732
0336
0882
2054
1763
2469
0344
2396
2870
2402
1078
2439
0390
1270
0695
1803
1486
1393
2229
2676
0253
0321
1767
1286
1343
0896
2814
0549
1002
1740
1791
2058
1580
0206
1656
1030
2337
0993
2604
2886
1516
0267
0628
2706
1431
0180
0674
0453
2460
2190
2840
1670
2359
2365
0807
0162
2158
2973
2137
2485
0461
1151
2208
2842
2233
1176
1795
2872
0886
2311
0181
1606
0252
2609
1892
1323
2711
1067
2777
0034
1993
1570
2145
2562
1188
0996
1709
0612
2346
1576
1554
1985
2600
1553
1334
1838
2662
0774
0356
1562
0994
1971
1168
1201
1038
1264
1512
1403
1946
2962
2112
0433
0867
0394
0747
1710
0579
2944
0818
0923
2493
0748
2320
2579
2142
2808
1963
0888
1263
1238
0527
0678
0249
1961
0569
0581
0395
2389
1010
0016
0120
0766
1663
1887
2186
2307
0626
0790
0596
2977
0708
2253
2766
2704
2274
0665
2126
2205
0623
1353
0840
0672
2284
2765
0946
1276
1318
1489
1328
2065
2136
0987
1416
2560
1596
1437
1446
0007
2949
2149
0068
2458
1579
0521
1106
1112
0028
1299
1582
2357
2466
0649
1265
1738
1018
2628
2868
2824
2931
1862
2427
2884
2479
1956
1179
2100
1885
2772
1445
1492
0868
1304
0278
1681
2330
0111
0223
0332
1419
1499
2300
2319
0887
1526
1849
2959
1702
0932
2472
1300
1094
0556
2892
2034
0365
2489
0216
1036
2098
2523
1322
2021
1284
2698
1587
0638
2893
1378
1410
2185
1309
0481
0956
2647
0486
1475
1189
1678
1537
1844
0209
1644
0173
2321
0536
2991
2227
1457
1360
0062
1374
2942
1022
1651
2565
1939
1140
2936
1261
1520
0268
0255
0999
0294
1142
2708
1235
1921
2768
2952
0038
1578
0381
2333
0163
2997
0963
0803
0182
0054
1025
2915
2544
1267
2154
1886
0478
1065
1786
2620
0794
3000
2225
2409
1715
2252
0114
2951
1401
1631
1827
0727
1409
0495
0771
0928
0213
1819
1599
1975
0415
0955
1026
1173
1525
1420
1590
2503
0547
1193
1686
2295
0283
2264
1782
1008
2843
0641
0595
1246
2192
0889
2355
2043
1539
1209
2645
1875
1449
1923
1120
2816
2719
2267
1588
0057
1404
0740
0580
0002
2358
1373
0135
1292
0690
2613
0175
0793
0215
2255
0610
2478
2226
1601
0561
2889
2546
1799
1136
2487
2095
2526
1927
1400
1051
2644
